557.947910371
485.150601258
450.996817136
434.996926513
425.378794774
419.004878955
414.33215637
410.586541892
407.416570541
404.681397011
402.411363283
400.151355888
397.902518435
395.935471791
394.041962373
392.178684377
390.528904948
388.957762827
387.244647869
385.731889847
384.358503187
382.913937897
381.384589339
379.952875375
378.589662831
377.36872058
376.181875571
375.222181302
374.245236436
373.324008829
372.46908034
371.674052947
371.001183063
370.34632886
369.653263853
369.036279944
368.447596793
367.840037343
367.210322399
366.630582584
366.192028792
365.795464663
365.436789569
365.102376913
364.782257587
364.467297896
364.197233835
363.935662007
363.69071866
363.486076214
363.319573188
363.12971171
362.898245266
362.688017047
362.494257612
362.280864506
362.051278828
361.78548302
361.50265925
361.179726405
360.846442373
360.552914656
360.318083369
360.103083691
359.908302759
359.718766414
359.560307517
359.414445476
359.294429959
359.17661696
359.127679602
359.091225342
359.044723316
358.991603773
358.924390289
358.826462619
358.696772375
358.571302933
358.412674124
358.253439179
358.087596601
357.926361779
357.759092748
357.648540427
357.546323114
357.435830668
357.382896234
357.326765786
357.261352646
357.208760055
357.171129115
357.129271966
357.08848475
357.043696351
357.001819854
356.956396876
356.90486728
356.847689672
356.785262312
356.720303224
356.666305884
356.607401915
356.544359231
356.483725026
356.424483245
356.37527606
356.323584232
356.280385055
356.245162375
356.223028445
356.198385332
356.172534647
356.147263677
356.121319521
356.10024163
356.078263478
356.052070339
356.021742312
355.987355698
355.948983131
355.906693643
355.866912017
355.825278405
355.782560941
355.739892269
355.696300279
355.652769509
355.607571186
355.559937418
355.51528071
355.475735832
355.438932644
355.401084279
355.363196442
355.322424114
355.278821641
355.232440515
355.183329468
355.131534604
355.077400491
355.03002094
354.98897653
354.945242668
354.898857152
354.849857511
354.798281447
354.745108891
354.692355172
354.639254529
354.58369319
354.525711829
354.46535245
354.402658266
354.340365779
354.277877633
354.21562629
354.152330464
354.086799794
354.019293184
353.965128885
353.913630489
353.859596824
353.803036194
353.74395305
353.682347274
353.620326291
353.556642009
353.491236356
353.430414896
353.371351924
353.312277769
353.250631357
353.190044217
353.130566399
353.068299555
353.004099246
352.938423339
352.87147422
352.812276013
352.752784464
352.70884396
352.673249819
352.635694158
352.595504054
352.555936804
352.515432437
352.47182118
352.42801181
352.39293041
352.35857583
352.327401261
352.298666474
352.26708309
352.232241625
352.194776726
352.172797548
352.151860346
352.127626492
352.100094974
352.077494001
352.052261814
352.024036546
351.992875166
351.96443214
351.936895582
351.906664867
351.873779434
351.838638304
351.814086106
351.788559957
351.765780369
351.746536019
351.724727548
351.701490595
351.680992438
351.660979419
351.64163098
351.627481324
351.614683449
351.603766398
351.590349664
351.574477742
351.556203852
351.535589817
351.515037585
351.495874009
351.4838021
351.471064961
351.463672456
351.453866741
351.455194319


total iterations are:231
