4613.72560871
3704.92114773
3632.85635195
3606.3162109
3585.04701521
3569.03667004
3555.82774513
3543.94992449
3534.3718221
3526.30842282
3519.17974235
3513.63910678
3508.57068495
3503.97405478
3499.96164033
3497.22903256
3494.40915447
3491.68479393
3488.77194338
3485.94908212
3483.45076044
3481.04428866
3479.04496795
3477.57956618
3476.15784015
3474.42793872
3472.56768128
3470.82710871
3469.28303323
3467.86620434
3466.58943176
3465.29205988
3464.17493823
3463.0856513
3462.04692244
3461.09351929
3460.16225276
3459.35945462
3458.43018635
3457.45461348
3456.56487036
3455.68598716
3454.77388378
3453.93191478
3453.37576406
3452.87571365
3452.44514266
3452.03505006
3451.62645539
3451.21760302
3450.77712051
3450.30814095
3449.74728724
3449.13214345
3448.71866383
3448.45289546
3448.16957911
3447.78723577
3447.23511931
3446.55699272
3445.89675643
3445.3658964
3444.71183796
3444.1206109
3443.54923323
3442.95228011
3442.29890289
3441.57899826
3440.87505594
3440.17651637
3439.55209306
3438.90056904
3438.23966321
3437.64014909
3437.07638717
3436.51165401
3435.93204383
3435.37935506
3434.78767417
3434.14515038
3433.46622081
3432.83796598
3432.12203771
3431.33853059
3430.56703378
3429.72322895
3428.67330331
3427.440868
3426.23463856
3425.15031288
3424.15662354
3423.2833409
3422.49610695
3421.71662972
3420.92530074
3420.17656276
3419.37407248
3418.55697109
3417.68441528
3416.90324922
3416.14403872
3415.35190427
3414.61543212
3413.83834692
3413.03938328
3412.1577412
3411.32689596
3410.60132695
3409.86205743
3408.99375887
3408.11585871
3407.24500171
3406.3294918
3405.47008811
3404.62445561
3403.798561
3403.02151063
3402.38276961
3401.80925638
3401.27046904
3400.75082183
3400.33784412
3399.89028631
3399.50024782
3399.18319462
3398.83269005
3398.42499224
3398.00952443
3397.54274938
3397.05411835
3396.49774294
3395.99647628
3395.54775761
3395.17533281
3394.8665037
3394.62030594
3394.3057964
3393.91383214
3393.47054664
3393.0052223
3392.44321956
3391.89426649
3391.29975869
3390.65402376
3389.960563
3389.22538227
3388.49577017
3387.84490323
3387.23872217
3386.56255623
3385.82870146
3385.03347036
3384.26718757
3383.54858832
3382.89861649
3382.2396735
3381.61545077
3381.01207479
3380.36677909
3379.72184135
3379.09077396
3378.43479644
3377.82185882
3377.27776033
3376.77983811
3376.25273457
3375.70599483
3375.22807591
3374.73038497
3374.29322149
3373.84554742
3373.41122616
3373.00542437
3372.75629342
3372.42782519
3372.03944401
3371.68372667
3371.33759053
3370.95945391
3370.55695534
3370.14085549
3369.85343878
3369.56244779
3369.26694283
3368.96438965
3368.64803547
3368.38962426
3368.1283186
3367.83702413
3367.58259255
3367.25587804
3366.86656663
3366.34845638
3365.80716793
3365.28847862
3364.82757482
3364.38985194
3363.98443664
3363.71346818
3363.4891624
3363.28017025
3363.0439161
3362.82129286
3362.50711646
3362.16118912
3361.74257743
3361.30692618
3360.8237137
3360.26228938
3359.7981138
3359.25563306
3358.77055057
3358.31560861
3357.84948463
3357.4114872
3356.880128
3356.19611212
3355.38466596
3354.54377913
3353.5646142
3352.5967409
3351.63232546
3350.63260426
3349.54856434
3348.41977937
3347.23016104
3346.13744349
3345.12156413
3344.12094594
3343.15056383
3342.30558576
3341.61424564
3341.04771942
3340.59168359
3340.16261095
3339.76036445
3339.28671744
3338.78192402
3338.35171827
3338.0108114
3337.65877537
3337.28117617
3336.96896879
3336.67855207
3336.34338152
3335.9956963
3335.61100453
3335.1850139
3334.72425281
3334.18769176
3333.62983953
3333.06397436
3332.49578909
3331.91950664
3331.35777377
3330.92434519
3330.54659758
3330.21231622
3329.84554455
3329.4939231
3329.15637977
3328.85506727
3328.6113686
3328.37914474
3328.16146796
3328.0022047
3327.91234209
3327.82231991
3327.75497768
3327.70661021
3327.67610096
3327.62420069
3327.56449555
3327.5002054
3327.37448861
3327.22340305
3327.01475955
3326.83479463
3326.61442227
3326.37486067
3326.15523535
3325.97673631
3325.77336937
3325.56633252
3325.33786102
3325.14940672
3324.92713819
3324.65403592
3324.30669753
3323.9691231
3323.5956507
3323.22613414
3322.87087351
3322.52919337
3322.25064626
3321.94704725
3321.60853453
3321.26615951
3321.01787997
3320.7744414
3320.47701392
3320.12480457
3319.76942109
3319.39275925
3318.97833743
3318.54019026
3318.09481966
3317.66655074
3317.26147362
3316.83928345
3316.43061256
3316.01261372
3315.5877089
3315.16333019
3314.78340335
3314.43655967
3314.09030843
3313.72696965
3313.33636979
3312.89958801
3312.42193651
3311.96993346
3311.52117742
3311.12386106
3310.82618876
3310.59735538
3310.39851326
3310.19434252
3309.98715635
3309.76812108
3309.54014951
3309.30544271
3309.06108154
3308.80727403
3308.58718833
3308.37551849
3308.17584134
3307.95056662
3307.70747102
3307.46497817
3307.19732405
3306.91774658
3306.66842421
3306.43681506
3306.24107837
3306.10497846
3305.99085444
3305.83707495
3305.5980267
3305.30450187
3305.02580113
3304.73873991
3304.46496779
3304.19743289
3303.94984218
3303.73135592
3303.52519934
3303.34866381
3303.20040692
3303.0847211
3302.98380914
3302.89660668
3302.81376513
3302.72296308
3302.63094028
3302.5425782
3302.44853945
3302.34843488
3302.24165511
3302.12742083
3302.01475038
3301.91495477
3301.80821685
3301.70426073
3301.59944559
3301.49671137
3301.40312023
3301.33365546
3301.25663094
3301.18599329
3301.10511671
3301.0378737
3300.96796359
3300.89628245
3300.8405926
3300.77666833
3300.70247184
3300.62613652
3300.54557229
3300.4527324
3300.3496697
3300.24613645
3300.13288396
3300.03156533
3299.97426363
3299.90451891
3299.82631927
3299.75195414
3299.73942064
3299.72964179
3299.70484754
3299.66832486
3299.63948965
3299.61227689
3299.57783293
3299.54608109
3299.50246522
3299.4637051
3299.40361707
3299.36548132
3299.34509993
3299.31825956
3299.28107608
3299.22683108
3299.16409169
3299.08674874
3299.02298965
3298.95511306
3298.891803
3298.84020162
3298.79662418
3298.75018799
3298.71790435
3298.70659778
3298.6978331
3298.70359165


total iterations are:426
